16 0.047839506172839504 0.5568181818181818 0.033950617283950615 0.29545454545454547
30 0.10493827160493827 0.5909090909090909 0.037037037037037035 0.22727272727272727
18 0.15123456790123457 0.4318181818181818 0.006172839506172839 0.045454545454545456
21 0.1527777777777778 0.5795454545454546 0.009259259259259259 0.1590909090909091
21 0.21450617283950618 0.5454545454545454 0.027777777777777776 0.22727272727272727
24 0.2654320987654321 0.5568181818181818 0.024691358024691357 0.20454545454545456
29 0.3317901234567901 0.5681818181818182 0.027777777777777776 0.18181818181818182
16 0.47685185185185186 0.5568181818181818 0.033950617283950615 0.29545454545454547
24 0.5432098765432098 0.5795454545454546 0.030864197530864196 0.20454545454545456
16 0.5925925925925926 0.5568181818181818 0.037037037037037035 0.29545454545454547
30 0.6574074074074074 0.5681818181818182 0.04938271604938271 0.22727272727272727
14 0.7067901234567902 0.5681818181818182 0.030864197530864196 0.2727272727272727
29 0.7484567901234568 0.5454545454545454 0.040123456790123455 0.2727272727272727
